0 0 0 0 0 0 0 0 0 5.000000e-01 0 0 0 0 0 8.000000e-01 4.000000e-01 0 0 0 
0 0 0 0 0 0 5.000000e-01 0 0 1 0 5.000000e-01 0 0 0 0 0 0 0 0 
0 0 0 0 0 8.000000e-01 0 0 0 1 0 0 0 0 0 0 0 0 0 0 
0 0 0 0 7.000000e-01 0 1 0 2.000000e-01 0 0 0 0 0 0 0 0 2.000000e-01 0 0 
0 0 0 7.000000e-01 0 0 0 0 0 8.000000e-01 4.000000e-01 0 0 0 8.000000e-01 9.000000e-01 0 0 0 0 
0 0 8.000000e-01 0 0 0 0 0 0 0 0 0 9.000000e-01 0 9.000000e-01 3.000000e-01 0 0 0 0 
0 5.000000e-01 0 1 0 0 0 0 0 0 0 0 0 0 0 0 0 0 1.000000e-01 2.000000e-01 
0 0 0 0 0 0 0 0 0 0 0 0 0 0 4.000000e-01 0 9.000000e-01 0 0 0 
0 0 0 2.000000e-01 0 0 0 0 0 0 0 0 0 1.000000e-01 6.000000e-01 0 3.000000e-01 0 0 0 
5.000000e-01 1 1 0 8.000000e-01 0 0 0 0 0 5.000000e-01 3.000000e-01 0 3.000000e-01 7.000000e-01 0 0 0 0 0 
0 0 0 0 4.000000e-01 0 0 0 0 5.000000e-01 0 8.000000e-01 6.000000e-01 0 8.000000e-01 0 0 0 0 0 
0 5.000000e-01 0 0 0 0 0 0 0 3.000000e-01 8.000000e-01 0 0 0 4.000000e-01 0 0 0 0 0 
0 0 0 0 0 9.000000e-01 0 0 0 0 6.000000e-01 0 0 9.000000e-01 0 0 0 0 9.000000e-01 9.000000e-01 
0 0 0 0 0 0 0 0 1.000000e-01 3.000000e-01 0 0 9.000000e-01 0 0 0 0 1.000000e-01 0 0 
0 0 0 0 8.000000e-01 9.000000e-01 0 4.000000e-01 6.000000e-01 7.000000e-01 8.000000e-01 4.000000e-01 0 0 0 0 0 0 0 0 
8.000000e-01 0 0 0 9.000000e-01 3.000000e-01 0 0 0 0 0 0 0 0 0 0 0 1.000000e-01 0 0 
4.000000e-01 0 0 0 0 0 0 9.000000e-01 3.000000e-01 0 0 0 0 0 0 0 0 0 0 0 
0 0 0 2.000000e-01 0 0 0 0 0 0 0 0 0 1.000000e-01 0 1.000000e-01 0 0 5.000000e-01 0 
0 0 0 0 0 0 1.000000e-01 0 0 0 0 0 9.000000e-01 0 0 0 0 5.000000e-01 0 0 
0 0 0 0 0 0 2.000000e-01 0 0 0 0 0 9.000000e-01 0 0 0 0 0 0 0 
